nodes  	75
1	0.	0.	0.
2	0.25	0.	0.
3	0.5	0.	0.
4	0.75	0.	0.
5	1.	0.	0.
6	0.	0.25	0.
7	0.25	0.25	0.
8	0.5	0.25	0.
9	0.75	0.25	0.
10	1.	0.25	0.
11	0.	0.5	0.
12	0.25	0.5	0.
13	0.5	0.5	0.
14	0.75	0.5	0.
15	1.	0.5	0.
16	0.	0.75	0.
17	0.25	0.75	0.
18	0.5	0.75	0.
19	0.75	0.75	0.
20	1.	0.75	0.
21	0.	1.	0.
22	0.25	1.	0.
23	0.5	1.	0.
24	0.75	1.	0.
25	1.	1.	0.
26	0.	0.	0.5
27	0.25	0.	0.5
28	0.5	0.	0.5
29	0.75	0.	0.5
30	1.	0.	0.5
31	0.	0.25	0.5
32	0.25	0.25	0.5
33	0.5	0.25	0.5
34	0.75	0.25	0.5
35	1.	0.25	0.5
36	0.	0.5	0.5
37	0.25	0.5	0.5
38	0.5	0.5	0.5
39	0.75	0.5	0.5
40	1.	0.5	0.5
41	0.	0.75	0.5
42	0.25	0.75	0.5
43	0.5	0.75	0.5
44	0.75	0.75	0.5
45	1.	0.75	0.5
46	0.	1.	0.5
47	0.25	1.	0.5
48	0.5	1.	0.5
49	0.75	1.	0.5
50	1.	1.	0.5
51	0.	0.	1.
52	0.25	0.	1.
53	0.5	0.	1.
54	0.75	0.	1.
55	1.	0.	1.
56	0.	0.25	1.
57	0.25	0.25	1.
58	0.5	0.25	1.
59	0.75	0.25	1.
60	1.	0.25	1.
61	0.	0.5	1.
62	0.25	0.5	1.
63	0.5	0.5	1.
64	0.75	0.5	1.
65	1.	0.5	1.
66	0.	0.75	1.
67	0.25	0.75	1.
68	0.5	0.75	1.
69	0.75	0.75	1.
70	1.	0.75	1.
71	0.	1.	1.
72	0.25	1.	1.
73	0.5	1.	1.
74	0.75	1.	1.
75	1.	1.	1.
elements  	32
1	1	2	6	7	26	27	31	32
2	2	3	7	8	27	28	32	33
3	3	4	8	9	28	29	33	34
4	4	5	9	10	29	30	34	35
5	6	7	11	12	31	32	36	37
6	7	8	12	13	32	33	37	38
7	8	9	13	14	33	34	38	39
8	9	10	14	15	34	35	39	40
9	11	12	16	17	36	37	41	42
10	12	13	17	18	37	38	42	43
11	13	14	18	19	38	39	43	44
12	14	15	19	20	39	40	44	45
13	16	17	21	22	41	42	46	47
14	17	18	22	23	42	43	47	48
15	18	19	23	24	43	44	48	49
16	19	20	24	25	44	45	49	50
17	26	27	31	32	51	52	56	57
18	27	28	32	33	52	53	57	58
19	28	29	33	34	53	54	58	59
20	29	30	34	35	54	55	59	60
21	31	32	36	37	56	57	61	62
22	32	33	37	38	57	58	62	63
23	33	34	38	39	58	59	63	64
24	34	35	39	40	59	60	64	65
25	36	37	41	42	61	62	66	67
26	37	38	42	43	62	63	67	68
27	38	39	43	44	63	64	68	69
28	39	40	44	45	64	65	69	70
29	41	42	46	47	66	67	71	72
30	42	43	47	48	67	68	72	73
31	43	44	48	49	68	69	73	74
32	44	45	49	50	69	70	74	75
boundaryconditions  	135
51	1	0
52	1	0
53	1	0
54	1	0
55	1	0
56	1	0
57	1	0
58	1	0
59	1	0
60	1	0
61	1	0
62	1	0
63	1	0
64	1	0
65	1	0
66	1	0
67	1	0
68	1	0
69	1	0
70	1	0
71	1	0
72	1	0
73	1	0
74	1	0
75	1	0
51	2	0
52	2	0
53	2	0
54	2	0
55	2	0
56	2	0
57	2	0
58	2	0
59	2	0
60	2	0
61	2	0
62	2	0
63	2	0
64	2	0
65	2	0
66	2	0
67	2	0
68	2	0
69	2	0
70	2	0
71	2	0
72	2	0
73	2	0
74	2	0
75	2	0
1	1	0
6	1	0
11	1	0
16	1	0
21	1	0
26	1	0
31	1	0
36	1	0
41	1	0
46	1	0
51	1	0
56	1	0
61	1	0
66	1	0
71	1	0
5	1	0
10	1	0
15	1	0
20	1	0
25	1	0
30	1	0
35	1	0
40	1	0
45	1	0
50	1	0
55	1	0
60	1	0
65	1	0
70	1	0
75	1	0
1	2	0
2	2	0
3	2	0
4	2	0
5	2	0
26	2	0
27	2	0
28	2	0
29	2	0
30	2	0
51	2	0
52	2	0
53	2	0
54	2	0
55	2	0
21	2	0
22	2	0
23	2	0
24	2	0
25	2	0
46	2	0
47	2	0
48	2	0
49	2	0
50	2	0
71	2	0
72	2	0
73	2	0
74	2	0
75	2	0
1	3	0
2	3	0
3	3	0
4	3	0
5	3	0
6	3	0
7	3	0
8	3	0
9	3	0
10	3	0
11	3	0
12	3	0
13	3	0
14	3	0
15	3	0
16	3	0
17	3	0
18	3	0
19	3	0
20	3	0
21	3	0
22	3	0
23	3	0
24	3	0
25	3	0
nodalforces  	9
51	3	-0.0625
52	3	-0.125
53	3	-0.0625
56	3	-0.125
57	3	-0.25
58	3	-0.125
61	3	-0.0625
62	3	-0.125
63	3	-0.0625