nodes  	729
1	0.	0.	0.
2	0.125	0.	0.
3	0.25	0.	0.
4	0.375	0.	0.
5	0.5	0.	0.
6	0.625	0.	0.
7	0.75	0.	0.
8	0.875	0.	0.
9	1.	0.	0.
10	0.	0.125	0.
11	0.125	0.125	0.
12	0.25	0.125	0.
13	0.375	0.125	0.
14	0.5	0.125	0.
15	0.625	0.125	0.
16	0.75	0.125	0.
17	0.875	0.125	0.
18	1.	0.125	0.
19	0.	0.25	0.
20	0.125	0.25	0.
21	0.25	0.25	0.
22	0.375	0.25	0.
23	0.5	0.25	0.
24	0.625	0.25	0.
25	0.75	0.25	0.
26	0.875	0.25	0.
27	1.	0.25	0.
28	0.	0.375	0.
29	0.125	0.375	0.
30	0.25	0.375	0.
31	0.375	0.375	0.
32	0.5	0.375	0.
33	0.625	0.375	0.
34	0.75	0.375	0.
35	0.875	0.375	0.
36	1.	0.375	0.
37	0.	0.5	0.
38	0.125	0.5	0.
39	0.25	0.5	0.
40	0.375	0.5	0.
41	0.5	0.5	0.
42	0.625	0.5	0.
43	0.75	0.5	0.
44	0.875	0.5	0.
45	1.	0.5	0.
46	0.	0.625	0.
47	0.125	0.625	0.
48	0.25	0.625	0.
49	0.375	0.625	0.
50	0.5	0.625	0.
51	0.625	0.625	0.
52	0.75	0.625	0.
53	0.875	0.625	0.
54	1.	0.625	0.
55	0.	0.75	0.
56	0.125	0.75	0.
57	0.25	0.75	0.
58	0.375	0.75	0.
59	0.5	0.75	0.
60	0.625	0.75	0.
61	0.75	0.75	0.
62	0.875	0.75	0.
63	1.	0.75	0.
64	0.	0.875	0.
65	0.125	0.875	0.
66	0.25	0.875	0.
67	0.375	0.875	0.
68	0.5	0.875	0.
69	0.625	0.875	0.
70	0.75	0.875	0.
71	0.875	0.875	0.
72	1.	0.875	0.
73	0.	1.	0.
74	0.125	1.	0.
75	0.25	1.	0.
76	0.375	1.	0.
77	0.5	1.	0.
78	0.625	1.	0.
79	0.75	1.	0.
80	0.875	1.	0.
81	1.	1.	0.
82	0.	0.	0.125
83	0.125	0.	0.125
84	0.25	0.	0.125
85	0.375	0.	0.125
86	0.5	0.	0.125
87	0.625	0.	0.125
88	0.75	0.	0.125
89	0.875	0.	0.125
90	1.	0.	0.125
91	0.	0.125	0.125
92	0.125	0.125	0.125
93	0.25	0.125	0.125
94	0.375	0.125	0.125
95	0.5	0.125	0.125
96	0.625	0.125	0.125
97	0.75	0.125	0.125
98	0.875	0.125	0.125
99	1.	0.125	0.125
100	0.	0.25	0.125
101	0.125	0.25	0.125
102	0.25	0.25	0.125
103	0.375	0.25	0.125
104	0.5	0.25	0.125
105	0.625	0.25	0.125
106	0.75	0.25	0.125
107	0.875	0.25	0.125
108	1.	0.25	0.125
109	0.	0.375	0.125
110	0.125	0.375	0.125
111	0.25	0.375	0.125
112	0.375	0.375	0.125
113	0.5	0.375	0.125
114	0.625	0.375	0.125
115	0.75	0.375	0.125
116	0.875	0.375	0.125
117	1.	0.375	0.125
118	0.	0.5	0.125
119	0.125	0.5	0.125
120	0.25	0.5	0.125
121	0.375	0.5	0.125
122	0.5	0.5	0.125
123	0.625	0.5	0.125
124	0.75	0.5	0.125
125	0.875	0.5	0.125
126	1.	0.5	0.125
127	0.	0.625	0.125
128	0.125	0.625	0.125
129	0.25	0.625	0.125
130	0.375	0.625	0.125
131	0.5	0.625	0.125
132	0.625	0.625	0.125
133	0.75	0.625	0.125
134	0.875	0.625	0.125
135	1.	0.625	0.125
136	0.	0.75	0.125
137	0.125	0.75	0.125
138	0.25	0.75	0.125
139	0.375	0.75	0.125
140	0.5	0.75	0.125
141	0.625	0.75	0.125
142	0.75	0.75	0.125
143	0.875	0.75	0.125
144	1.	0.75	0.125
145	0.	0.875	0.125
146	0.125	0.875	0.125
147	0.25	0.875	0.125
148	0.375	0.875	0.125
149	0.5	0.875	0.125
150	0.625	0.875	0.125
151	0.75	0.875	0.125
152	0.875	0.875	0.125
153	1.	0.875	0.125
154	0.	1.	0.125
155	0.125	1.	0.125
156	0.25	1.	0.125
157	0.375	1.	0.125
158	0.5	1.	0.125
159	0.625	1.	0.125
160	0.75	1.	0.125
161	0.875	1.	0.125
162	1.	1.	0.125
163	0.	0.	0.25
164	0.125	0.	0.25
165	0.25	0.	0.25
166	0.375	0.	0.25
167	0.5	0.	0.25
168	0.625	0.	0.25
169	0.75	0.	0.25
170	0.875	0.	0.25
171	1.	0.	0.25
172	0.	0.125	0.25
173	0.125	0.125	0.25
174	0.25	0.125	0.25
175	0.375	0.125	0.25
176	0.5	0.125	0.25
177	0.625	0.125	0.25
178	0.75	0.125	0.25
179	0.875	0.125	0.25
180	1.	0.125	0.25
181	0.	0.25	0.25
182	0.125	0.25	0.25
183	0.25	0.25	0.25
184	0.375	0.25	0.25
185	0.5	0.25	0.25
186	0.625	0.25	0.25
187	0.75	0.25	0.25
188	0.875	0.25	0.25
189	1.	0.25	0.25
190	0.	0.375	0.25
191	0.125	0.375	0.25
192	0.25	0.375	0.25
193	0.375	0.375	0.25
194	0.5	0.375	0.25
195	0.625	0.375	0.25
196	0.75	0.375	0.25
197	0.875	0.375	0.25
198	1.	0.375	0.25
199	0.	0.5	0.25
200	0.125	0.5	0.25
201	0.25	0.5	0.25
202	0.375	0.5	0.25
203	0.5	0.5	0.25
204	0.625	0.5	0.25
205	0.75	0.5	0.25
206	0.875	0.5	0.25
207	1.	0.5	0.25
208	0.	0.625	0.25
209	0.125	0.625	0.25
210	0.25	0.625	0.25
211	0.375	0.625	0.25
212	0.5	0.625	0.25
213	0.625	0.625	0.25
214	0.75	0.625	0.25
215	0.875	0.625	0.25
216	1.	0.625	0.25
217	0.	0.75	0.25
218	0.125	0.75	0.25
219	0.25	0.75	0.25
220	0.375	0.75	0.25
221	0.5	0.75	0.25
222	0.625	0.75	0.25
223	0.75	0.75	0.25
224	0.875	0.75	0.25
225	1.	0.75	0.25
226	0.	0.875	0.25
227	0.125	0.875	0.25
228	0.25	0.875	0.25
229	0.375	0.875	0.25
230	0.5	0.875	0.25
231	0.625	0.875	0.25
232	0.75	0.875	0.25
233	0.875	0.875	0.25
234	1.	0.875	0.25
235	0.	1.	0.25
236	0.125	1.	0.25
237	0.25	1.	0.25
238	0.375	1.	0.25
239	0.5	1.	0.25
240	0.625	1.	0.25
241	0.75	1.	0.25
242	0.875	1.	0.25
243	1.	1.	0.25
244	0.	0.	0.375
245	0.125	0.	0.375
246	0.25	0.	0.375
247	0.375	0.	0.375
248	0.5	0.	0.375
249	0.625	0.	0.375
250	0.75	0.	0.375
251	0.875	0.	0.375
252	1.	0.	0.375
253	0.	0.125	0.375
254	0.125	0.125	0.375
255	0.25	0.125	0.375
256	0.375	0.125	0.375
257	0.5	0.125	0.375
258	0.625	0.125	0.375
259	0.75	0.125	0.375
260	0.875	0.125	0.375
261	1.	0.125	0.375
262	0.	0.25	0.375
263	0.125	0.25	0.375
264	0.25	0.25	0.375
265	0.375	0.25	0.375
266	0.5	0.25	0.375
267	0.625	0.25	0.375
268	0.75	0.25	0.375
269	0.875	0.25	0.375
270	1.	0.25	0.375
271	0.	0.375	0.375
272	0.125	0.375	0.375
273	0.25	0.375	0.375
274	0.375	0.375	0.375
275	0.5	0.375	0.375
276	0.625	0.375	0.375
277	0.75	0.375	0.375
278	0.875	0.375	0.375
279	1.	0.375	0.375
280	0.	0.5	0.375
281	0.125	0.5	0.375
282	0.25	0.5	0.375
283	0.375	0.5	0.375
284	0.5	0.5	0.375
285	0.625	0.5	0.375
286	0.75	0.5	0.375
287	0.875	0.5	0.375
288	1.	0.5	0.375
289	0.	0.625	0.375
290	0.125	0.625	0.375
291	0.25	0.625	0.375
292	0.375	0.625	0.375
293	0.5	0.625	0.375
294	0.625	0.625	0.375
295	0.75	0.625	0.375
296	0.875	0.625	0.375
297	1.	0.625	0.375
298	0.	0.75	0.375
299	0.125	0.75	0.375
300	0.25	0.75	0.375
301	0.375	0.75	0.375
302	0.5	0.75	0.375
303	0.625	0.75	0.375
304	0.75	0.75	0.375
305	0.875	0.75	0.375
306	1.	0.75	0.375
307	0.	0.875	0.375
308	0.125	0.875	0.375
309	0.25	0.875	0.375
310	0.375	0.875	0.375
311	0.5	0.875	0.375
312	0.625	0.875	0.375
313	0.75	0.875	0.375
314	0.875	0.875	0.375
315	1.	0.875	0.375
316	0.	1.	0.375
317	0.125	1.	0.375
318	0.25	1.	0.375
319	0.375	1.	0.375
320	0.5	1.	0.375
321	0.625	1.	0.375
322	0.75	1.	0.375
323	0.875	1.	0.375
324	1.	1.	0.375
325	0.	0.	0.5
326	0.125	0.	0.5
327	0.25	0.	0.5
328	0.375	0.	0.5
329	0.5	0.	0.5
330	0.625	0.	0.5
331	0.75	0.	0.5
332	0.875	0.	0.5
333	1.	0.	0.5
334	0.	0.125	0.5
335	0.125	0.125	0.5
336	0.25	0.125	0.5
337	0.375	0.125	0.5
338	0.5	0.125	0.5
339	0.625	0.125	0.5
340	0.75	0.125	0.5
341	0.875	0.125	0.5
342	1.	0.125	0.5
343	0.	0.25	0.5
344	0.125	0.25	0.5
345	0.25	0.25	0.5
346	0.375	0.25	0.5
347	0.5	0.25	0.5
348	0.625	0.25	0.5
349	0.75	0.25	0.5
350	0.875	0.25	0.5
351	1.	0.25	0.5
352	0.	0.375	0.5
353	0.125	0.375	0.5
354	0.25	0.375	0.5
355	0.375	0.375	0.5
356	0.5	0.375	0.5
357	0.625	0.375	0.5
358	0.75	0.375	0.5
359	0.875	0.375	0.5
360	1.	0.375	0.5
361	0.	0.5	0.5
362	0.125	0.5	0.5
363	0.25	0.5	0.5
364	0.375	0.5	0.5
365	0.5	0.5	0.5
366	0.625	0.5	0.5
367	0.75	0.5	0.5
368	0.875	0.5	0.5
369	1.	0.5	0.5
370	0.	0.625	0.5
371	0.125	0.625	0.5
372	0.25	0.625	0.5
373	0.375	0.625	0.5
374	0.5	0.625	0.5
375	0.625	0.625	0.5
376	0.75	0.625	0.5
377	0.875	0.625	0.5
378	1.	0.625	0.5
379	0.	0.75	0.5
380	0.125	0.75	0.5
381	0.25	0.75	0.5
382	0.375	0.75	0.5
383	0.5	0.75	0.5
384	0.625	0.75	0.5
385	0.75	0.75	0.5
386	0.875	0.75	0.5
387	1.	0.75	0.5
388	0.	0.875	0.5
389	0.125	0.875	0.5
390	0.25	0.875	0.5
391	0.375	0.875	0.5
392	0.5	0.875	0.5
393	0.625	0.875	0.5
394	0.75	0.875	0.5
395	0.875	0.875	0.5
396	1.	0.875	0.5
397	0.	1.	0.5
398	0.125	1.	0.5
399	0.25	1.	0.5
400	0.375	1.	0.5
401	0.5	1.	0.5
402	0.625	1.	0.5
403	0.75	1.	0.5
404	0.875	1.	0.5
405	1.	1.	0.5
406	0.	0.	0.625
407	0.125	0.	0.625
408	0.25	0.	0.625
409	0.375	0.	0.625
410	0.5	0.	0.625
411	0.625	0.	0.625
412	0.75	0.	0.625
413	0.875	0.	0.625
414	1.	0.	0.625
415	0.	0.125	0.625
416	0.125	0.125	0.625
417	0.25	0.125	0.625
418	0.375	0.125	0.625
419	0.5	0.125	0.625
420	0.625	0.125	0.625
421	0.75	0.125	0.625
422	0.875	0.125	0.625
423	1.	0.125	0.625
424	0.	0.25	0.625
425	0.125	0.25	0.625
426	0.25	0.25	0.625
427	0.375	0.25	0.625
428	0.5	0.25	0.625
429	0.625	0.25	0.625
430	0.75	0.25	0.625
431	0.875	0.25	0.625
432	1.	0.25	0.625
433	0.	0.375	0.625
434	0.125	0.375	0.625
435	0.25	0.375	0.625
436	0.375	0.375	0.625
437	0.5	0.375	0.625
438	0.625	0.375	0.625
439	0.75	0.375	0.625
440	0.875	0.375	0.625
441	1.	0.375	0.625
442	0.	0.5	0.625
443	0.125	0.5	0.625
444	0.25	0.5	0.625
445	0.375	0.5	0.625
446	0.5	0.5	0.625
447	0.625	0.5	0.625
448	0.75	0.5	0.625
449	0.875	0.5	0.625
450	1.	0.5	0.625
451	0.	0.625	0.625
452	0.125	0.625	0.625
453	0.25	0.625	0.625
454	0.375	0.625	0.625
455	0.5	0.625	0.625
456	0.625	0.625	0.625
457	0.75	0.625	0.625
458	0.875	0.625	0.625
459	1.	0.625	0.625
460	0.	0.75	0.625
461	0.125	0.75	0.625
462	0.25	0.75	0.625
463	0.375	0.75	0.625
464	0.5	0.75	0.625
465	0.625	0.75	0.625
466	0.75	0.75	0.625
467	0.875	0.75	0.625
468	1.	0.75	0.625
469	0.	0.875	0.625
470	0.125	0.875	0.625
471	0.25	0.875	0.625
472	0.375	0.875	0.625
473	0.5	0.875	0.625
474	0.625	0.875	0.625
475	0.75	0.875	0.625
476	0.875	0.875	0.625
477	1.	0.875	0.625
478	0.	1.	0.625
479	0.125	1.	0.625
480	0.25	1.	0.625
481	0.375	1.	0.625
482	0.5	1.	0.625
483	0.625	1.	0.625
484	0.75	1.	0.625
485	0.875	1.	0.625
486	1.	1.	0.625
487	0.	0.	0.75
488	0.125	0.	0.75
489	0.25	0.	0.75
490	0.375	0.	0.75
491	0.5	0.	0.75
492	0.625	0.	0.75
493	0.75	0.	0.75
494	0.875	0.	0.75
495	1.	0.	0.75
496	0.	0.125	0.75
497	0.125	0.125	0.75
498	0.25	0.125	0.75
499	0.375	0.125	0.75
500	0.5	0.125	0.75
501	0.625	0.125	0.75
502	0.75	0.125	0.75
503	0.875	0.125	0.75
504	1.	0.125	0.75
505	0.	0.25	0.75
506	0.125	0.25	0.75
507	0.25	0.25	0.75
508	0.375	0.25	0.75
509	0.5	0.25	0.75
510	0.625	0.25	0.75
511	0.75	0.25	0.75
512	0.875	0.25	0.75
513	1.	0.25	0.75
514	0.	0.375	0.75
515	0.125	0.375	0.75
516	0.25	0.375	0.75
517	0.375	0.375	0.75
518	0.5	0.375	0.75
519	0.625	0.375	0.75
520	0.75	0.375	0.75
521	0.875	0.375	0.75
522	1.	0.375	0.75
523	0.	0.5	0.75
524	0.125	0.5	0.75
525	0.25	0.5	0.75
526	0.375	0.5	0.75
527	0.5	0.5	0.75
528	0.625	0.5	0.75
529	0.75	0.5	0.75
530	0.875	0.5	0.75
531	1.	0.5	0.75
532	0.	0.625	0.75
533	0.125	0.625	0.75
534	0.25	0.625	0.75
535	0.375	0.625	0.75
536	0.5	0.625	0.75
537	0.625	0.625	0.75
538	0.75	0.625	0.75
539	0.875	0.625	0.75
540	1.	0.625	0.75
541	0.	0.75	0.75
542	0.125	0.75	0.75
543	0.25	0.75	0.75
544	0.375	0.75	0.75
545	0.5	0.75	0.75
546	0.625	0.75	0.75
547	0.75	0.75	0.75
548	0.875	0.75	0.75
549	1.	0.75	0.75
550	0.	0.875	0.75
551	0.125	0.875	0.75
552	0.25	0.875	0.75
553	0.375	0.875	0.75
554	0.5	0.875	0.75
555	0.625	0.875	0.75
556	0.75	0.875	0.75
557	0.875	0.875	0.75
558	1.	0.875	0.75
559	0.	1.	0.75
560	0.125	1.	0.75
561	0.25	1.	0.75
562	0.375	1.	0.75
563	0.5	1.	0.75
564	0.625	1.	0.75
565	0.75	1.	0.75
566	0.875	1.	0.75
567	1.	1.	0.75
568	0.	0.	0.875
569	0.125	0.	0.875
570	0.25	0.	0.875
571	0.375	0.	0.875
572	0.5	0.	0.875
573	0.625	0.	0.875
574	0.75	0.	0.875
575	0.875	0.	0.875
576	1.	0.	0.875
577	0.	0.125	0.875
578	0.125	0.125	0.875
579	0.25	0.125	0.875
580	0.375	0.125	0.875
581	0.5	0.125	0.875
582	0.625	0.125	0.875
583	0.75	0.125	0.875
584	0.875	0.125	0.875
585	1.	0.125	0.875
586	0.	0.25	0.875
587	0.125	0.25	0.875
588	0.25	0.25	0.875
589	0.375	0.25	0.875
590	0.5	0.25	0.875
591	0.625	0.25	0.875
592	0.75	0.25	0.875
593	0.875	0.25	0.875
594	1.	0.25	0.875
595	0.	0.375	0.875
596	0.125	0.375	0.875
597	0.25	0.375	0.875
598	0.375	0.375	0.875
599	0.5	0.375	0.875
600	0.625	0.375	0.875
601	0.75	0.375	0.875
602	0.875	0.375	0.875
603	1.	0.375	0.875
604	0.	0.5	0.875
605	0.125	0.5	0.875
606	0.25	0.5	0.875
607	0.375	0.5	0.875
608	0.5	0.5	0.875
609	0.625	0.5	0.875
610	0.75	0.5	0.875
611	0.875	0.5	0.875
612	1.	0.5	0.875
613	0.	0.625	0.875
614	0.125	0.625	0.875
615	0.25	0.625	0.875
616	0.375	0.625	0.875
617	0.5	0.625	0.875
618	0.625	0.625	0.875
619	0.75	0.625	0.875
620	0.875	0.625	0.875
621	1.	0.625	0.875
622	0.	0.75	0.875
623	0.125	0.75	0.875
624	0.25	0.75	0.875
625	0.375	0.75	0.875
626	0.5	0.75	0.875
627	0.625	0.75	0.875
628	0.75	0.75	0.875
629	0.875	0.75	0.875
630	1.	0.75	0.875
631	0.	0.875	0.875
632	0.125	0.875	0.875
633	0.25	0.875	0.875
634	0.375	0.875	0.875
635	0.5	0.875	0.875
636	0.625	0.875	0.875
637	0.75	0.875	0.875
638	0.875	0.875	0.875
639	1.	0.875	0.875
640	0.	1.	0.875
641	0.125	1.	0.875
642	0.25	1.	0.875
643	0.375	1.	0.875
644	0.5	1.	0.875
645	0.625	1.	0.875
646	0.75	1.	0.875
647	0.875	1.	0.875
648	1.	1.	0.875
649	0.	0.	1.
650	0.125	0.	1.
651	0.25	0.	1.
652	0.375	0.	1.
653	0.5	0.	1.
654	0.625	0.	1.
655	0.75	0.	1.
656	0.875	0.	1.
657	1.	0.	1.
658	0.	0.125	1.
659	0.125	0.125	1.
660	0.25	0.125	1.
661	0.375	0.125	1.
662	0.5	0.125	1.
663	0.625	0.125	1.
664	0.75	0.125	1.
665	0.875	0.125	1.
666	1.	0.125	1.
667	0.	0.25	1.
668	0.125	0.25	1.
669	0.25	0.25	1.
670	0.375	0.25	1.
671	0.5	0.25	1.
672	0.625	0.25	1.
673	0.75	0.25	1.
674	0.875	0.25	1.
675	1.	0.25	1.
676	0.	0.375	1.
677	0.125	0.375	1.
678	0.25	0.375	1.
679	0.375	0.375	1.
680	0.5	0.375	1.
681	0.625	0.375	1.
682	0.75	0.375	1.
683	0.875	0.375	1.
684	1.	0.375	1.
685	0.	0.5	1.
686	0.125	0.5	1.
687	0.25	0.5	1.
688	0.375	0.5	1.
689	0.5	0.5	1.
690	0.625	0.5	1.
691	0.75	0.5	1.
692	0.875	0.5	1.
693	1.	0.5	1.
694	0.	0.625	1.
695	0.125	0.625	1.
696	0.25	0.625	1.
697	0.375	0.625	1.
698	0.5	0.625	1.
699	0.625	0.625	1.
700	0.75	0.625	1.
701	0.875	0.625	1.
702	1.	0.625	1.
703	0.	0.75	1.
704	0.125	0.75	1.
705	0.25	0.75	1.
706	0.375	0.75	1.
707	0.5	0.75	1.
708	0.625	0.75	1.
709	0.75	0.75	1.
710	0.875	0.75	1.
711	1.	0.75	1.
712	0.	0.875	1.
713	0.125	0.875	1.
714	0.25	0.875	1.
715	0.375	0.875	1.
716	0.5	0.875	1.
717	0.625	0.875	1.
718	0.75	0.875	1.
719	0.875	0.875	1.
720	1.	0.875	1.
721	0.	1.	1.
722	0.125	1.	1.
723	0.25	1.	1.
724	0.375	1.	1.
725	0.5	1.	1.
726	0.625	1.	1.
727	0.75	1.	1.
728	0.875	1.	1.
729	1.	1.	1.
elements  	512
1	1	2	10	11	82	83	91	92
2	2	3	11	12	83	84	92	93
3	3	4	12	13	84	85	93	94
4	4	5	13	14	85	86	94	95
5	5	6	14	15	86	87	95	96
6	6	7	15	16	87	88	96	97
7	7	8	16	17	88	89	97	98
8	8	9	17	18	89	90	98	99
9	10	11	19	20	91	92	100	101
10	11	12	20	21	92	93	101	102
11	12	13	21	22	93	94	102	103
12	13	14	22	23	94	95	103	104
13	14	15	23	24	95	96	104	105
14	15	16	24	25	96	97	105	106
15	16	17	25	26	97	98	106	107
16	17	18	26	27	98	99	107	108
17	19	20	28	29	100	101	109	110
18	20	21	29	30	101	102	110	111
19	21	22	30	31	102	103	111	112
20	22	23	31	32	103	104	112	113
21	23	24	32	33	104	105	113	114
22	24	25	33	34	105	106	114	115
23	25	26	34	35	106	107	115	116
24	26	27	35	36	107	108	116	117
25	28	29	37	38	109	110	118	119
26	29	30	38	39	110	111	119	120
27	30	31	39	40	111	112	120	121
28	31	32	40	41	112	113	121	122
29	32	33	41	42	113	114	122	123
30	33	34	42	43	114	115	123	124
31	34	35	43	44	115	116	124	125
32	35	36	44	45	116	117	125	126
33	37	38	46	47	118	119	127	128
34	38	39	47	48	119	120	128	129
35	39	40	48	49	120	121	129	130
36	40	41	49	50	121	122	130	131
37	41	42	50	51	122	123	131	132
38	42	43	51	52	123	124	132	133
39	43	44	52	53	124	125	133	134
40	44	45	53	54	125	126	134	135
41	46	47	55	56	127	128	136	137
42	47	48	56	57	128	129	137	138
43	48	49	57	58	129	130	138	139
44	49	50	58	59	130	131	139	140
45	50	51	59	60	131	132	140	141
46	51	52	60	61	132	133	141	142
47	52	53	61	62	133	134	142	143
48	53	54	62	63	134	135	143	144
49	55	56	64	65	136	137	145	146
50	56	57	65	66	137	138	146	147
51	57	58	66	67	138	139	147	148
52	58	59	67	68	139	140	148	149
53	59	60	68	69	140	141	149	150
54	60	61	69	70	141	142	150	151
55	61	62	70	71	142	143	151	152
56	62	63	71	72	143	144	152	153
57	64	65	73	74	145	146	154	155
58	65	66	74	75	146	147	155	156
59	66	67	75	76	147	148	156	157
60	67	68	76	77	148	149	157	158
61	68	69	77	78	149	150	158	159
62	69	70	78	79	150	151	159	160
63	70	71	79	80	151	152	160	161
64	71	72	80	81	152	153	161	162
65	82	83	91	92	163	164	172	173
66	83	84	92	93	164	165	173	174
67	84	85	93	94	165	166	174	175
68	85	86	94	95	166	167	175	176
69	86	87	95	96	167	168	176	177
70	87	88	96	97	168	169	177	178
71	88	89	97	98	169	170	178	179
72	89	90	98	99	170	171	179	180
73	91	92	100	101	172	173	181	182
74	92	93	101	102	173	174	182	183
75	93	94	102	103	174	175	183	184
76	94	95	103	104	175	176	184	185
77	95	96	104	105	176	177	185	186
78	96	97	105	106	177	178	186	187
79	97	98	106	107	178	179	187	188
80	98	99	107	108	179	180	188	189
81	100	101	109	110	181	182	190	191
82	101	102	110	111	182	183	191	192
83	102	103	111	112	183	184	192	193
84	103	104	112	113	184	185	193	194
85	104	105	113	114	185	186	194	195
86	105	106	114	115	186	187	195	196
87	106	107	115	116	187	188	196	197
88	107	108	116	117	188	189	197	198
89	109	110	118	119	190	191	199	200
90	110	111	119	120	191	192	200	201
91	111	112	120	121	192	193	201	202
92	112	113	121	122	193	194	202	203
93	113	114	122	123	194	195	203	204
94	114	115	123	124	195	196	204	205
95	115	116	124	125	196	197	205	206
96	116	117	125	126	197	198	206	207
97	118	119	127	128	199	200	208	209
98	119	120	128	129	200	201	209	210
99	120	121	129	130	201	202	210	211
100	121	122	130	131	202	203	211	212
101	122	123	131	132	203	204	212	213
102	123	124	132	133	204	205	213	214
103	124	125	133	134	205	206	214	215
104	125	126	134	135	206	207	215	216
105	127	128	136	137	208	209	217	218
106	128	129	137	138	209	210	218	219
107	129	130	138	139	210	211	219	220
108	130	131	139	140	211	212	220	221
109	131	132	140	141	212	213	221	222
110	132	133	141	142	213	214	222	223
111	133	134	142	143	214	215	223	224
112	134	135	143	144	215	216	224	225
113	136	137	145	146	217	218	226	227
114	137	138	146	147	218	219	227	228
115	138	139	147	148	219	220	228	229
116	139	140	148	149	220	221	229	230
117	140	141	149	150	221	222	230	231
118	141	142	150	151	222	223	231	232
119	142	143	151	152	223	224	232	233
120	143	144	152	153	224	225	233	234
121	145	146	154	155	226	227	235	236
122	146	147	155	156	227	228	236	237
123	147	148	156	157	228	229	237	238
124	148	149	157	158	229	230	238	239
125	149	150	158	159	230	231	239	240
126	150	151	159	160	231	232	240	241
127	151	152	160	161	232	233	241	242
128	152	153	161	162	233	234	242	243
129	163	164	172	173	244	245	253	254
130	164	165	173	174	245	246	254	255
131	165	166	174	175	246	247	255	256
132	166	167	175	176	247	248	256	257
133	167	168	176	177	248	249	257	258
134	168	169	177	178	249	250	258	259
135	169	170	178	179	250	251	259	260
136	170	171	179	180	251	252	260	261
137	172	173	181	182	253	254	262	263
138	173	174	182	183	254	255	263	264
139	174	175	183	184	255	256	264	265
140	175	176	184	185	256	257	265	266
141	176	177	185	186	257	258	266	267
142	177	178	186	187	258	259	267	268
143	178	179	187	188	259	260	268	269
144	179	180	188	189	260	261	269	270
145	181	182	190	191	262	263	271	272
146	182	183	191	192	263	264	272	273
147	183	184	192	193	264	265	273	274
148	184	185	193	194	265	266	274	275
149	185	186	194	195	266	267	275	276
150	186	187	195	196	267	268	276	277
151	187	188	196	197	268	269	277	278
152	188	189	197	198	269	270	278	279
153	190	191	199	200	271	272	280	281
154	191	192	200	201	272	273	281	282
155	192	193	201	202	273	274	282	283
156	193	194	202	203	274	275	283	284
157	194	195	203	204	275	276	284	285
158	195	196	204	205	276	277	285	286
159	196	197	205	206	277	278	286	287
160	197	198	206	207	278	279	287	288
161	199	200	208	209	280	281	289	290
162	200	201	209	210	281	282	290	291
163	201	202	210	211	282	283	291	292
164	202	203	211	212	283	284	292	293
165	203	204	212	213	284	285	293	294
166	204	205	213	214	285	286	294	295
167	205	206	214	215	286	287	295	296
168	206	207	215	216	287	288	296	297
169	208	209	217	218	289	290	298	299
170	209	210	218	219	290	291	299	300
171	210	211	219	220	291	292	300	301
172	211	212	220	221	292	293	301	302
173	212	213	221	222	293	294	302	303
174	213	214	222	223	294	295	303	304
175	214	215	223	224	295	296	304	305
176	215	216	224	225	296	297	305	306
177	217	218	226	227	298	299	307	308
178	218	219	227	228	299	300	308	309
179	219	220	228	229	300	301	309	310
180	220	221	229	230	301	302	310	311
181	221	222	230	231	302	303	311	312
182	222	223	231	232	303	304	312	313
183	223	224	232	233	304	305	313	314
184	224	225	233	234	305	306	314	315
185	226	227	235	236	307	308	316	317
186	227	228	236	237	308	309	317	318
187	228	229	237	238	309	310	318	319
188	229	230	238	239	310	311	319	320
189	230	231	239	240	311	312	320	321
190	231	232	240	241	312	313	321	322
191	232	233	241	242	313	314	322	323
192	233	234	242	243	314	315	323	324
193	244	245	253	254	325	326	334	335
194	245	246	254	255	326	327	335	336
195	246	247	255	256	327	328	336	337
196	247	248	256	257	328	329	337	338
197	248	249	257	258	329	330	338	339
198	249	250	258	259	330	331	339	340
199	250	251	259	260	331	332	340	341
200	251	252	260	261	332	333	341	342
201	253	254	262	263	334	335	343	344
202	254	255	263	264	335	336	344	345
203	255	256	264	265	336	337	345	346
204	256	257	265	266	337	338	346	347
205	257	258	266	267	338	339	347	348
206	258	259	267	268	339	340	348	349
207	259	260	268	269	340	341	349	350
208	260	261	269	270	341	342	350	351
209	262	263	271	272	343	344	352	353
210	263	264	272	273	344	345	353	354
211	264	265	273	274	345	346	354	355
212	265	266	274	275	346	347	355	356
213	266	267	275	276	347	348	356	357
214	267	268	276	277	348	349	357	358
215	268	269	277	278	349	350	358	359
216	269	270	278	279	350	351	359	360
217	271	272	280	281	352	353	361	362
218	272	273	281	282	353	354	362	363
219	273	274	282	283	354	355	363	364
220	274	275	283	284	355	356	364	365
221	275	276	284	285	356	357	365	366
222	276	277	285	286	357	358	366	367
223	277	278	286	287	358	359	367	368
224	278	279	287	288	359	360	368	369
225	280	281	289	290	361	362	370	371
226	281	282	290	291	362	363	371	372
227	282	283	291	292	363	364	372	373
228	283	284	292	293	364	365	373	374
229	284	285	293	294	365	366	374	375
230	285	286	294	295	366	367	375	376
231	286	287	295	296	367	368	376	377
232	287	288	296	297	368	369	377	378
233	289	290	298	299	370	371	379	380
234	290	291	299	300	371	372	380	381
235	291	292	300	301	372	373	381	382
236	292	293	301	302	373	374	382	383
237	293	294	302	303	374	375	383	384
238	294	295	303	304	375	376	384	385
239	295	296	304	305	376	377	385	386
240	296	297	305	306	377	378	386	387
241	298	299	307	308	379	380	388	389
242	299	300	308	309	380	381	389	390
243	300	301	309	310	381	382	390	391
244	301	302	310	311	382	383	391	392
245	302	303	311	312	383	384	392	393
246	303	304	312	313	384	385	393	394
247	304	305	313	314	385	386	394	395
248	305	306	314	315	386	387	395	396
249	307	308	316	317	388	389	397	398
250	308	309	317	318	389	390	398	399
251	309	310	318	319	390	391	399	400
252	310	311	319	320	391	392	400	401
253	311	312	320	321	392	393	401	402
254	312	313	321	322	393	394	402	403
255	313	314	322	323	394	395	403	404
256	314	315	323	324	395	396	404	405
257	325	326	334	335	406	407	415	416
258	326	327	335	336	407	408	416	417
259	327	328	336	337	408	409	417	418
260	328	329	337	338	409	410	418	419
261	329	330	338	339	410	411	419	420
262	330	331	339	340	411	412	420	421
263	331	332	340	341	412	413	421	422
264	332	333	341	342	413	414	422	423
265	334	335	343	344	415	416	424	425
266	335	336	344	345	416	417	425	426
267	336	337	345	346	417	418	426	427
268	337	338	346	347	418	419	427	428
269	338	339	347	348	419	420	428	429
270	339	340	348	349	420	421	429	430
271	340	341	349	350	421	422	430	431
272	341	342	350	351	422	423	431	432
273	343	344	352	353	424	425	433	434
274	344	345	353	354	425	426	434	435
275	345	346	354	355	426	427	435	436
276	346	347	355	356	427	428	436	437
277	347	348	356	357	428	429	437	438
278	348	349	357	358	429	430	438	439
279	349	350	358	359	430	431	439	440
280	350	351	359	360	431	432	440	441
281	352	353	361	362	433	434	442	443
282	353	354	362	363	434	435	443	444
283	354	355	363	364	435	436	444	445
284	355	356	364	365	436	437	445	446
285	356	357	365	366	437	438	446	447
286	357	358	366	367	438	439	447	448
287	358	359	367	368	439	440	448	449
288	359	360	368	369	440	441	449	450
289	361	362	370	371	442	443	451	452
290	362	363	371	372	443	444	452	453
291	363	364	372	373	444	445	453	454
292	364	365	373	374	445	446	454	455
293	365	366	374	375	446	447	455	456
294	366	367	375	376	447	448	456	457
295	367	368	376	377	448	449	457	458
296	368	369	377	378	449	450	458	459
297	370	371	379	380	451	452	460	461
298	371	372	380	381	452	453	461	462
299	372	373	381	382	453	454	462	463
300	373	374	382	383	454	455	463	464
301	374	375	383	384	455	456	464	465
302	375	376	384	385	456	457	465	466
303	376	377	385	386	457	458	466	467
304	377	378	386	387	458	459	467	468
305	379	380	388	389	460	461	469	470
306	380	381	389	390	461	462	470	471
307	381	382	390	391	462	463	471	472
308	382	383	391	392	463	464	472	473
309	383	384	392	393	464	465	473	474
310	384	385	393	394	465	466	474	475
311	385	386	394	395	466	467	475	476
312	386	387	395	396	467	468	476	477
313	388	389	397	398	469	470	478	479
314	389	390	398	399	470	471	479	480
315	390	391	399	400	471	472	480	481
316	391	392	400	401	472	473	481	482
317	392	393	401	402	473	474	482	483
318	393	394	402	403	474	475	483	484
319	394	395	403	404	475	476	484	485
320	395	396	404	405	476	477	485	486
321	406	407	415	416	487	488	496	497
322	407	408	416	417	488	489	497	498
323	408	409	417	418	489	490	498	499
324	409	410	418	419	490	491	499	500
325	410	411	419	420	491	492	500	501
326	411	412	420	421	492	493	501	502
327	412	413	421	422	493	494	502	503
328	413	414	422	423	494	495	503	504
329	415	416	424	425	496	497	505	506
330	416	417	425	426	497	498	506	507
331	417	418	426	427	498	499	507	508
332	418	419	427	428	499	500	508	509
333	419	420	428	429	500	501	509	510
334	420	421	429	430	501	502	510	511
335	421	422	430	431	502	503	511	512
336	422	423	431	432	503	504	512	513
337	424	425	433	434	505	506	514	515
338	425	426	434	435	506	507	515	516
339	426	427	435	436	507	508	516	517
340	427	428	436	437	508	509	517	518
341	428	429	437	438	509	510	518	519
342	429	430	438	439	510	511	519	520
343	430	431	439	440	511	512	520	521
344	431	432	440	441	512	513	521	522
345	433	434	442	443	514	515	523	524
346	434	435	443	444	515	516	524	525
347	435	436	444	445	516	517	525	526
348	436	437	445	446	517	518	526	527
349	437	438	446	447	518	519	527	528
350	438	439	447	448	519	520	528	529
351	439	440	448	449	520	521	529	530
352	440	441	449	450	521	522	530	531
353	442	443	451	452	523	524	532	533
354	443	444	452	453	524	525	533	534
355	444	445	453	454	525	526	534	535
356	445	446	454	455	526	527	535	536
357	446	447	455	456	527	528	536	537
358	447	448	456	457	528	529	537	538
359	448	449	457	458	529	530	538	539
360	449	450	458	459	530	531	539	540
361	451	452	460	461	532	533	541	542
362	452	453	461	462	533	534	542	543
363	453	454	462	463	534	535	543	544
364	454	455	463	464	535	536	544	545
365	455	456	464	465	536	537	545	546
366	456	457	465	466	537	538	546	547
367	457	458	466	467	538	539	547	548
368	458	459	467	468	539	540	548	549
369	460	461	469	470	541	542	550	551
370	461	462	470	471	542	543	551	552
371	462	463	471	472	543	544	552	553
372	463	464	472	473	544	545	553	554
373	464	465	473	474	545	546	554	555
374	465	466	474	475	546	547	555	556
375	466	467	475	476	547	548	556	557
376	467	468	476	477	548	549	557	558
377	469	470	478	479	550	551	559	560
378	470	471	479	480	551	552	560	561
379	471	472	480	481	552	553	561	562
380	472	473	481	482	553	554	562	563
381	473	474	482	483	554	555	563	564
382	474	475	483	484	555	556	564	565
383	475	476	484	485	556	557	565	566
384	476	477	485	486	557	558	566	567
385	487	488	496	497	568	569	577	578
386	488	489	497	498	569	570	578	579
387	489	490	498	499	570	571	579	580
388	490	491	499	500	571	572	580	581
389	491	492	500	501	572	573	581	582
390	492	493	501	502	573	574	582	583
391	493	494	502	503	574	575	583	584
392	494	495	503	504	575	576	584	585
393	496	497	505	506	577	578	586	587
394	497	498	506	507	578	579	587	588
395	498	499	507	508	579	580	588	589
396	499	500	508	509	580	581	589	590
397	500	501	509	510	581	582	590	591
398	501	502	510	511	582	583	591	592
399	502	503	511	512	583	584	592	593
400	503	504	512	513	584	585	593	594
401	505	506	514	515	586	587	595	596
402	506	507	515	516	587	588	596	597
403	507	508	516	517	588	589	597	598
404	508	509	517	518	589	590	598	599
405	509	510	518	519	590	591	599	600
406	510	511	519	520	591	592	600	601
407	511	512	520	521	592	593	601	602
408	512	513	521	522	593	594	602	603
409	514	515	523	524	595	596	604	605
410	515	516	524	525	596	597	605	606
411	516	517	525	526	597	598	606	607
412	517	518	526	527	598	599	607	608
413	518	519	527	528	599	600	608	609
414	519	520	528	529	600	601	609	610
415	520	521	529	530	601	602	610	611
416	521	522	530	531	602	603	611	612
417	523	524	532	533	604	605	613	614
418	524	525	533	534	605	606	614	615
419	525	526	534	535	606	607	615	616
420	526	527	535	536	607	608	616	617
421	527	528	536	537	608	609	617	618
422	528	529	537	538	609	610	618	619
423	529	530	538	539	610	611	619	620
424	530	531	539	540	611	612	620	621
425	532	533	541	542	613	614	622	623
426	533	534	542	543	614	615	623	624
427	534	535	543	544	615	616	624	625
428	535	536	544	545	616	617	625	626
429	536	537	545	546	617	618	626	627
430	537	538	546	547	618	619	627	628
431	538	539	547	548	619	620	628	629
432	539	540	548	549	620	621	629	630
433	541	542	550	551	622	623	631	632
434	542	543	551	552	623	624	632	633
435	543	544	552	553	624	625	633	634
436	544	545	553	554	625	626	634	635
437	545	546	554	555	626	627	635	636
438	546	547	555	556	627	628	636	637
439	547	548	556	557	628	629	637	638
440	548	549	557	558	629	630	638	639
441	550	551	559	560	631	632	640	641
442	551	552	560	561	632	633	641	642
443	552	553	561	562	633	634	642	643
444	553	554	562	563	634	635	643	644
445	554	555	563	564	635	636	644	645
446	555	556	564	565	636	637	645	646
447	556	557	565	566	637	638	646	647
448	557	558	566	567	638	639	647	648
449	568	569	577	578	649	650	658	659
450	569	570	578	579	650	651	659	660
451	570	571	579	580	651	652	660	661
452	571	572	580	581	652	653	661	662
453	572	573	581	582	653	654	662	663
454	573	574	582	583	654	655	663	664
455	574	575	583	584	655	656	664	665
456	575	576	584	585	656	657	665	666
457	577	578	586	587	658	659	667	668
458	578	579	587	588	659	660	668	669
459	579	580	588	589	660	661	669	670
460	580	581	589	590	661	662	670	671
461	581	582	590	591	662	663	671	672
462	582	583	591	592	663	664	672	673
463	583	584	592	593	664	665	673	674
464	584	585	593	594	665	666	674	675
465	586	587	595	596	667	668	676	677
466	587	588	596	597	668	669	677	678
467	588	589	597	598	669	670	678	679
468	589	590	598	599	670	671	679	680
469	590	591	599	600	671	672	680	681
470	591	592	600	601	672	673	681	682
471	592	593	601	602	673	674	682	683
472	593	594	602	603	674	675	683	684
473	595	596	604	605	676	677	685	686
474	596	597	605	606	677	678	686	687
475	597	598	606	607	678	679	687	688
476	598	599	607	608	679	680	688	689
477	599	600	608	609	680	681	689	690
478	600	601	609	610	681	682	690	691
479	601	602	610	611	682	683	691	692
480	602	603	611	612	683	684	692	693
481	604	605	613	614	685	686	694	695
482	605	606	614	615	686	687	695	696
483	606	607	615	616	687	688	696	697
484	607	608	616	617	688	689	697	698
485	608	609	617	618	689	690	698	699
486	609	610	618	619	690	691	699	700
487	610	611	619	620	691	692	700	701
488	611	612	620	621	692	693	701	702
489	613	614	622	623	694	695	703	704
490	614	615	623	624	695	696	704	705
491	615	616	624	625	696	697	705	706
492	616	617	625	626	697	698	706	707
493	617	618	626	627	698	699	707	708
494	618	619	627	628	699	700	708	709
495	619	620	628	629	700	701	709	710
496	620	621	629	630	701	702	710	711
497	622	623	631	632	703	704	712	713
498	623	624	632	633	704	705	713	714
499	624	625	633	634	705	706	714	715
500	625	626	634	635	706	707	715	716
501	626	627	635	636	707	708	716	717
502	627	628	636	637	708	709	717	718
503	628	629	637	638	709	710	718	719
504	629	630	638	639	710	711	719	720
505	631	632	640	641	712	713	721	722
506	632	633	641	642	713	714	722	723
507	633	634	642	643	714	715	723	724
508	634	635	643	644	715	716	724	725
509	635	636	644	645	716	717	725	726
510	636	637	645	646	717	718	726	727
511	637	638	646	647	718	719	727	728
512	638	639	647	648	719	720	728	729
boundaryconditions  	567
649	1	0
650	1	0
651	1	0
652	1	0
653	1	0
654	1	0
655	1	0
656	1	0
657	1	0
658	1	0
659	1	0
660	1	0
661	1	0
662	1	0
663	1	0
664	1	0
665	1	0
666	1	0
667	1	0
668	1	0
669	1	0
670	1	0
671	1	0
672	1	0
673	1	0
674	1	0
675	1	0
676	1	0
677	1	0
678	1	0
679	1	0
680	1	0
681	1	0
682	1	0
683	1	0
684	1	0
685	1	0
686	1	0
687	1	0
688	1	0
689	1	0
690	1	0
691	1	0
692	1	0
693	1	0
694	1	0
695	1	0
696	1	0
697	1	0
698	1	0
699	1	0
700	1	0
701	1	0
702	1	0
703	1	0
704	1	0
705	1	0
706	1	0
707	1	0
708	1	0
709	1	0
710	1	0
711	1	0
712	1	0
713	1	0
714	1	0
715	1	0
716	1	0
717	1	0
718	1	0
719	1	0
720	1	0
721	1	0
722	1	0
723	1	0
724	1	0
725	1	0
726	1	0
727	1	0
728	1	0
729	1	0
649	2	0
650	2	0
651	2	0
652	2	0
653	2	0
654	2	0
655	2	0
656	2	0
657	2	0
658	2	0
659	2	0
660	2	0
661	2	0
662	2	0
663	2	0
664	2	0
665	2	0
666	2	0
667	2	0
668	2	0
669	2	0
670	2	0
671	2	0
672	2	0
673	2	0
674	2	0
675	2	0
676	2	0
677	2	0
678	2	0
679	2	0
680	2	0
681	2	0
682	2	0
683	2	0
684	2	0
685	2	0
686	2	0
687	2	0
688	2	0
689	2	0
690	2	0
691	2	0
692	2	0
693	2	0
694	2	0
695	2	0
696	2	0
697	2	0
698	2	0
699	2	0
700	2	0
701	2	0
702	2	0
703	2	0
704	2	0
705	2	0
706	2	0
707	2	0
708	2	0
709	2	0
710	2	0
711	2	0
712	2	0
713	2	0
714	2	0
715	2	0
716	2	0
717	2	0
718	2	0
719	2	0
720	2	0
721	2	0
722	2	0
723	2	0
724	2	0
725	2	0
726	2	0
727	2	0
728	2	0
729	2	0
1	1	0
10	1	0
19	1	0
28	1	0
37	1	0
46	1	0
55	1	0
64	1	0
73	1	0
82	1	0
91	1	0
100	1	0
109	1	0
118	1	0
127	1	0
136	1	0
145	1	0
154	1	0
163	1	0
172	1	0
181	1	0
190	1	0
199	1	0
208	1	0
217	1	0
226	1	0
235	1	0
244	1	0
253	1	0
262	1	0
271	1	0
280	1	0
289	1	0
298	1	0
307	1	0
316	1	0
325	1	0
334	1	0
343	1	0
352	1	0
361	1	0
370	1	0
379	1	0
388	1	0
397	1	0
406	1	0
415	1	0
424	1	0
433	1	0
442	1	0
451	1	0
460	1	0
469	1	0
478	1	0
487	1	0
496	1	0
505	1	0
514	1	0
523	1	0
532	1	0
541	1	0
550	1	0
559	1	0
568	1	0
577	1	0
586	1	0
595	1	0
604	1	0
613	1	0
622	1	0
631	1	0
640	1	0
649	1	0
658	1	0
667	1	0
676	1	0
685	1	0
694	1	0
703	1	0
712	1	0
721	1	0
9	1	0
18	1	0
27	1	0
36	1	0
45	1	0
54	1	0
63	1	0
72	1	0
81	1	0
90	1	0
99	1	0
108	1	0
117	1	0
126	1	0
135	1	0
144	1	0
153	1	0
162	1	0
171	1	0
180	1	0
189	1	0
198	1	0
207	1	0
216	1	0
225	1	0
234	1	0
243	1	0
252	1	0
261	1	0
270	1	0
279	1	0
288	1	0
297	1	0
306	1	0
315	1	0
324	1	0
333	1	0
342	1	0
351	1	0
360	1	0
369	1	0
378	1	0
387	1	0
396	1	0
405	1	0
414	1	0
423	1	0
432	1	0
441	1	0
450	1	0
459	1	0
468	1	0
477	1	0
486	1	0
495	1	0
504	1	0
513	1	0
522	1	0
531	1	0
540	1	0
549	1	0
558	1	0
567	1	0
576	1	0
585	1	0
594	1	0
603	1	0
612	1	0
621	1	0
630	1	0
639	1	0
648	1	0
657	1	0
666	1	0
675	1	0
684	1	0
693	1	0
702	1	0
711	1	0
720	1	0
729	1	0
1	2	0
2	2	0
3	2	0
4	2	0
5	2	0
6	2	0
7	2	0
8	2	0
9	2	0
82	2	0
83	2	0
84	2	0
85	2	0
86	2	0
87	2	0
88	2	0
89	2	0
90	2	0
163	2	0
164	2	0
165	2	0
166	2	0
167	2	0
168	2	0
169	2	0
170	2	0
171	2	0
244	2	0
245	2	0
246	2	0
247	2	0
248	2	0
249	2	0
250	2	0
251	2	0
252	2	0
325	2	0
326	2	0
327	2	0
328	2	0
329	2	0
330	2	0
331	2	0
332	2	0
333	2	0
406	2	0
407	2	0
408	2	0
409	2	0
410	2	0
411	2	0
412	2	0
413	2	0
414	2	0
487	2	0
488	2	0
489	2	0
490	2	0
491	2	0
492	2	0
493	2	0
494	2	0
495	2	0
568	2	0
569	2	0
570	2	0
571	2	0
572	2	0
573	2	0
574	2	0
575	2	0
576	2	0
649	2	0
650	2	0
651	2	0
652	2	0
653	2	0
654	2	0
655	2	0
656	2	0
657	2	0
73	2	0
74	2	0
75	2	0
76	2	0
77	2	0
78	2	0
79	2	0
80	2	0
81	2	0
154	2	0
155	2	0
156	2	0
157	2	0
158	2	0
159	2	0
160	2	0
161	2	0
162	2	0
235	2	0
236	2	0
237	2	0
238	2	0
239	2	0
240	2	0
241	2	0
242	2	0
243	2	0
316	2	0
317	2	0
318	2	0
319	2	0
320	2	0
321	2	0
322	2	0
323	2	0
324	2	0
397	2	0
398	2	0
399	2	0
400	2	0
401	2	0
402	2	0
403	2	0
404	2	0
405	2	0
478	2	0
479	2	0
480	2	0
481	2	0
482	2	0
483	2	0
484	2	0
485	2	0
486	2	0
559	2	0
560	2	0
561	2	0
562	2	0
563	2	0
564	2	0
565	2	0
566	2	0
567	2	0
640	2	0
641	2	0
642	2	0
643	2	0
644	2	0
645	2	0
646	2	0
647	2	0
648	2	0
721	2	0
722	2	0
723	2	0
724	2	0
725	2	0
726	2	0
727	2	0
728	2	0
729	2	0
1	3	0
2	3	0
3	3	0
4	3	0
5	3	0
6	3	0
7	3	0
8	3	0
9	3	0
10	3	0
11	3	0
12	3	0
13	3	0
14	3	0
15	3	0
16	3	0
17	3	0
18	3	0
19	3	0
20	3	0
21	3	0
22	3	0
23	3	0
24	3	0
25	3	0
26	3	0
27	3	0
28	3	0
29	3	0
30	3	0
31	3	0
32	3	0
33	3	0
34	3	0
35	3	0
36	3	0
37	3	0
38	3	0
39	3	0
40	3	0
41	3	0
42	3	0
43	3	0
44	3	0
45	3	0
46	3	0
47	3	0
48	3	0
49	3	0
50	3	0
51	3	0
52	3	0
53	3	0
54	3	0
55	3	0
56	3	0
57	3	0
58	3	0
59	3	0
60	3	0
61	3	0
62	3	0
63	3	0
64	3	0
65	3	0
66	3	0
67	3	0
68	3	0
69	3	0
70	3	0
71	3	0
72	3	0
73	3	0
74	3	0
75	3	0
76	3	0
77	3	0
78	3	0
79	3	0
80	3	0
81	3	0
nodalforces  	25
669	3	-2.4
670	3	-2.4
671	3	-2.4
672	3	-2.4
673	3	-2.4
678	3	-2.4
679	3	-2.4
680	3	-2.4
681	3	-2.4
682	3	-2.4
687	3	-2.4
688	3	-2.4
689	3	-2.4
690	3	-2.4
691	3	-2.4
696	3	-2.4
697	3	-2.4
698	3	-2.4
699	3	-2.4
700	3	-2.4
705	3	-2.4
706	3	-2.4
707	3	-2.4
708	3	-2.4
709	3	-2.4